source,target,value
overdose,superdose,1.0
